# ID=0  18 flags of type 4 4   2 2 2  3 3  4  
5 4   2 2 2 2  3 3 3  4 4  5  
5 4   2 2 2 2  3 3 3  4 5  4  
5 4   2 2 2 2  3 3 3  5 4  4  
5 4   2 2 2 2  4 4 3  5 3  3  
5 4   3 3 3 2  4 4 2  5 2  2  
5 4   2 2 2 2  3 3 4  4 3  3  
5 4   2 2 2 2  3 3 4  4 3  4  
5 4   2 2 2 2  3 3 4  4 4  3  
5 4   2 2 2 2  3 3 5  4 3  3  
5 4   2 2 2 3  3 3 2  4 2  2  
5 4   2 2 2 3  3 3 2  4 3  3  
5 4   3 3 3 2  2 2 2  4 3  3  
5 4   2 2 2 4  3 3 2  4 2  2  
5 4   2 2 2 5  3 3 2  4 2  2  
5 4   2 2 2 1  3 3 2  4 2  2  
5 4   2 2 2 2  3 3 1  4 3  3  
5 4   2 2 2 2  3 3 3  4 1  4  
5 4   2 2 2 2  3 3 3  4 4  1  

# ID=1  11 flags of type 4 4   3 3 4  4 3  3  
5 4   3 3 4 2  4 3 2  3 2  2  
5 4   2 2 3 2  3 2 3  2 4  2  
5 4   2 2 3 2  3 2 4  2 3  2  
5 4   2 2 3 3  3 2 2  2 2  4  
5 4   2 2 3 4  3 2 2  2 2  3  
5 4   2 2 4 2  4 2 3  2 3  2  
5 4   2 2 4 3  4 2 2  2 2  3  
5 4   2 2 3 1  3 2 2  2 2  3  
5 4   2 2 3 2  3 2 1  2 3  2  
5 4   2 2 3 2  3 2 3  2 1  2  
5 4   2 2 3 3  3 2 2  2 2  1  

# ID=2  10 flags of type 4 4   3 3 4  4 3  4  
5 4   3 3 4 2  4 3 2  4 2  2  
5 4   2 2 3 2  3 2 3  3 4  3  
5 4   2 2 3 3  3 2 2  3 3  4  
5 4   3 3 2 4  2 3 3  2 3  2  
5 4   3 3 2 3  2 3 4  2 2  3  
5 4   2 2 3 3  3 2 3  3 2  2  
5 4   2 2 3 1  3 2 2  3 2  3  
5 4   2 2 3 2  3 2 1  3 3  2  
5 4   3 3 2 2  2 3 3  2 2  1  
5 4   3 3 2 3  2 3 2  2 1  2  

# ID=3  21 flags of type 4 4   3 3 5  4 3  3  
5 4   3 3 5 2  4 3 2  3 2  2  
5 4   2 2 3 2  4 2 3  2 3  2  
5 4   2 2 4 3  3 2 2  2 2  3  
5 4   3 3 2 2  4 3 2  3 2  3  
5 4   3 3 4 2  2 3 2  3 3  2  
5 4   3 3 4 2  2 3 3  3 2  2  
5 4   3 3 2 3  4 3 2  3 2  2  
5 4   2 2 4 2  3 2 3  2 4  2  
5 4   2 2 4 2  3 2 4  2 3  2  
5 4   2 2 3 3  4 2 2  2 2  4  
5 4   2 2 3 4  4 2 2  2 2  3  
5 4   2 2 5 2  3 2 3  2 4  2  
5 4   2 2 5 2  3 2 4  2 3  2  
5 4   2 2 5 2  4 2 3  2 3  2  
5 4   2 2 3 3  5 2 2  2 2  4  
5 4   2 2 3 4  5 2 2  2 2  3  
5 4   2 2 4 3  5 2 2  2 2  3  
5 4   2 2 4 1  3 2 2  2 2  4  
5 4   2 2 3 2  4 2 1  2 4  2  
5 4   2 2 3 2  4 2 4  2 1  2  
5 4   2 2 4 4  3 2 2  2 2  1  

# ID=4  11 flags of type 4 4   2 2 1  3 2  2  
5 4   2 2 1 2  3 2 3  2 4  2  
5 4   2 2 1 2  3 2 4  2 3  2  
5 4   2 2 1 2  4 2 3  2 3  2  
5 4   3 3 1 2  4 3 2  3 2  2  
5 4   2 2 1 3  3 2 2  2 2  3  
5 4   2 2 1 3  3 2 2  2 3  3  
5 4   2 2 1 3  3 2 3  2 2  3  
5 4   2 2 1 4  3 2 2  2 2  4  
5 4   2 2 1 1  3 2 2  2 2  1  
5 4   2 2 1 2  3 2 1  2 3  2  
5 4   2 2 1 2  3 2 3  2 1  2  

# ID=5  11 flags of type 4 4   2 2 2  3 1  3  
5 4   2 2 2 2  3 1 3  3 4  3  
5 4   2 2 2 2  3 1 4  3 3  4  
5 4   2 2 2 2  4 1 3  4 3  3  
5 4   3 3 3 2  4 1 2  4 2  2  
5 4   2 2 2 3  3 1 2  3 2  2  
5 4   2 2 2 3  3 1 2  3 3  2  
5 4   3 3 3 2  2 1 2  2 3  2  
5 4   2 2 2 3  4 1 2  4 2  2  
5 4   2 2 2 1  3 1 2  3 2  2  
5 4   2 2 2 2  3 1 1  3 3  1  
5 4   2 2 2 2  3 1 3  3 1  3  

# ID=6  5 flags of type 4 4   2 1 1  2 2  1  
5 4   2 1 1 2  2 2 3  1 2  2  
5 4   2 1 1 3  2 2 2  1 3  3  
5 4   3 1 1 2  3 3 2  1 2  2  
5 4   2 1 1 1  2 2 2  1 1  1  
5 4   2 1 1 2  2 2 1  1 2  2  

# ID=7  5 flags of type 4 4   2 1 2  2 1  2  
5 4   2 1 2 2  2 1 3  2 2  3  
5 4   2 1 2 3  2 1 2  2 3  2  
5 4   3 1 3 2  3 1 2  3 2  2  
5 4   2 1 2 1  2 1 2  2 1  2  
5 4   2 1 2 2  2 1 1  2 2  1  

# ID=8  2 flags of type 4 4   1 1 1  1 1  1  
5 4   1 1 1 2  1 1 2  1 2  2  
5 4   1 1 1 1  1 1 1  1 1  1  

# ID=9  26 flags of type 2 2   2  
4 2   2 2 2  3 3  4  
4 2   2 2 2  3 4  3  
4 2   2 3 3  2 2  4  
4 2   3 2 3  2 4  2  
4 2   2 3 4  2 2  3  
4 2   3 2 4  2 3  2  
4 2   4 2 3  2 3  2  
4 2   2 2 3  3 2  2  
4 2   3 2 2  2 2  3  
4 2   2 2 3  3 2  3  
4 2   2 2 3  3 3  2  
4 2   3 2 2  2 3  3  
4 2   2 2 4  3 2  2  
4 2   4 2 2  2 2  3  
4 2   2 2 1  3 2  2  
4 2   2 3 2  2 1  2  
4 2   3 2 2  2 2  1  
4 2   2 2 2  3 1  3  
4 2   2 2 2  3 3  1  
4 2   2 3 1  2 2  3  
4 2   3 2 1  2 3  2  
4 2   2 3 3  2 2  1  
4 2   3 2 3  2 1  2  
4 2   2 1 1  2 2  1  
4 2   2 2 2  1 1  1  
4 2   2 1 2  2 1  2  

# ID=10  5 flags of type 2 2   1  
4 2   1 2 2  2 2  3  
4 2   1 2 3  2 3  2  
4 2   1 2 1  2 1  2  
4 2   1 2 2  2 2  1  
4 2   1 1 1  1 1  1  

# ID=11  3 flags of type 0 0  
3 0   2 2  3  
3 0   2 1  2  
3 0   1 1  1  
