4 7   1 1 1  1 1  1  
4 7   1 1 2  1 2  2  
4 7   1 1 3  1 3  3  
4 11   1 1 1  1 1  1  
4 11   1 2 1  2 1  2  
4 11   1 3 1  3 1  3  
4 13   1 1 1  1 1  1  
4 13   3 1 1  3 3  1  
4 13   2 1 1  2 2  1  
4 14   1 1 1  1 1  1  
4 14   2 2 2  1 1  1  
4 14   3 3 3  1 1  1  

4 7   1 2 3  2 3  3  
4 7   1 2 3  2 3  2  
4 7   1 2 2  2 2  1  
4 7   1 2 1  2 1  2  
4 7   1 2 2  2 2  3  
4 7   1 2 2  2 2  2  
4 11   1 1 2  1 2  2  
4 11   1 2 2  2 2  1  
4 11   1 2 2  2 2  3  
4 11   1 2 2  2 2  2  
4 11   1 3 2  3 2  3  
4 11   1 3 2  3 2  2  
4 13   1 1 2  1 2  2  
4 13   2 1 2  2 1  2  
4 13   3 1 2  3 2  2  
4 13   2 1 2  2 2  2  
4 13   2 1 2  2 3  2  
4 13   3 1 2  3 3  2  
4 14   1 1 2  1 2  2  
4 14   2 2 2  1 2  2  
4 14   2 2 1  1 2  2  
4 14   2 2 3  1 2  2  
4 14   3 3 2  1 2  2  
4 14   3 3 3  1 2  2  

4 7   2 3 1  3 2  3  
4 7   2 3 3  3 2  3  
4 7   2 3 2  3 3  3  
4 7   2 3 2  3 2  3  
4 7   2 3 3  3 3  3  
4 7   2 3 3  3 3  2  
4 7   2 3 2  3 2  2  
4 7   2 3 3  3 2  2  
4 7   2 3 3  3 3  1  
4 7   2 3 2  3 3  2  
4 7   2 3 2  3 1  3  
4 11   2 3 3  3 3  3  
4 11   2 3 3  3 3  2  
4 11   2 3 3  3 3  1  
4 11   2 2 3  2 3  2  
4 11   2 2 3  2 3  3  
4 11   2 2 3  3 3  3  
4 11   2 2 3  3 3  2  
4 11   2 3 3  2 3  2  
4 11   2 3 3  2 3  3  
4 11   2 2 3  1 3  3  
4 11   2 1 3  2 3  3  
4 13   1 2 3  2 3  3  
4 13   2 2 3  3 2  3  
4 13   2 2 3  2 3  3  
4 13   2 2 3  3 3  3  
4 13   2 2 3  1 3  3  
4 13   2 2 3  2 2  3  
4 13   3 2 3  2 2  3  
4 13   3 2 3  3 1  3  
4 13   3 2 3  3 3  3  
4 13   3 2 3  3 2  3  
4 13   3 2 3  2 3  3  
4 14   1 2 3  2 3  3  
4 14   2 3 2  2 3  3  
4 14   2 2 3  2 3  3  
4 14   2 3 3  2 3  3  
4 14   2 2 2  2 3  3  
4 14   3 2 2  2 3  3  
4 14   3 3 1  2 3  3  
4 14   3 3 3  2 3  3  
4 14   3 3 2  2 3  3  
4 14   2 1 3  2 3  3  
4 14   3 2 3  2 3  3  

4 7   1 3 3  3 3  2  
4 7   1 3 2  3 2  3  
4 7   1 3 3  3 3  1  
4 7   1 3 1  3 1  3  
4 7   1 3 3  3 3  3  
4 7   1 3 2  3 2  2  
4 11   1 1 3  1 3  3  
4 11   1 2 3  2 3  3  
4 11   1 2 3  2 3  2  
4 11   1 3 3  3 3  2  
4 11   1 3 3  3 3  1  
4 11   1 3 3  3 3  3  
4 13   1 1 3  1 3  3  
4 13   3 1 3  3 2  3  
4 13   3 1 3  3 3  3  
4 13   2 1 3  2 2  3  
4 13   2 1 3  2 3  3  
4 13   3 1 3  3 1  3  
4 14   1 1 3  1 3  3  
4 14   2 2 2  1 3  3  
4 14   2 2 3  1 3  3  
4 14   3 3 3  1 3  3  
4 14   3 3 1  1 3  3  
4 14   3 3 2  1 3  3  

4 7   2 2 3  3 2  3  
4 7   2 2 2  3 2  3  
4 7   2 2 2  3 3  1  
4 7   2 2 2  3 3  3  
4 7   2 2 3  3 3  3  
4 7   2 2 3  3 3  2  
4 7   2 2 2  3 1  3  
4 7   2 2 2  3 2  2  
4 7   2 2 2  3 3  2  
4 7   2 2 1  3 2  2  
4 7   2 2 3  3 2  2  
4 11   2 3 2  3 3  3  
4 11   2 3 2  3 3  2  
4 11   2 3 2  2 3  2  
4 11   2 2 2  3 3  1  
4 11   2 2 2  3 3  3  
4 11   2 2 2  2 3  2  
4 11   2 3 2  2 3  3  
4 11   2 2 2  3 3  2  
4 11   2 2 2  1 3  3  
4 11   2 2 2  2 3  3  
4 11   2 1 2  2 3  2  
4 13   1 2 2  2 2  3  
4 13   2 2 2  3 2  3  
4 13   2 2 2  3 3  3  
4 13   2 2 2  3 1  3  
4 13   2 2 2  2 2  3  
4 13   2 2 2  1 3  3  
4 13   2 2 2  2 3  3  
4 13   3 2 2  2 2  3  
4 13   3 2 2  3 2  3  
4 13   3 2 2  2 3  3  
4 13   3 2 2  3 3  3  
4 14   1 2 2  2 2  3  
4 14   2 3 1  2 2  3  
4 14   2 3 3  2 2  3  
4 14   2 2 2  2 2  3  
4 14   2 2 3  2 2  3  
4 14   2 3 2  2 2  3  
4 14   3 2 2  2 2  3  
4 14   3 2 3  2 2  3  
4 14   3 3 2  2 2  3  
4 14   2 1 3  2 2  3  
4 14   3 3 3  2 2  3  

4 7   2 3 1  2 2  3  
4 7   2 3 2  2 3  2  
4 7   2 3 3  2 2  3  
4 7   2 3 2  2 3  3  
4 7   2 3 3  2 2  1  
4 7   2 3 3  2 2  2  
4 7   2 3 3  2 3  2  
4 7   2 3 2  2 1  2  
4 7   2 3 3  2 3  3  
4 7   2 3 2  2 2  2  
4 7   2 3 2  2 2  3  
4 11   2 3 3  3 2  3  
4 11   2 3 3  3 2  2  
4 11   2 2 3  3 2  3  
4 11   2 3 3  2 2  3  
4 11   2 2 3  2 2  2  
4 11   2 3 3  2 2  1  
4 11   2 3 3  2 2  2  
4 11   2 2 3  1 2  2  
4 11   2 2 3  3 2  2  
4 11   2 2 3  2 2  3  
4 11   2 1 3  2 2  3  
4 13   1 2 3  2 3  2  
4 13   2 2 3  2 2  2  
4 13   2 2 3  2 3  2  
4 13   2 2 3  3 3  2  
4 13   2 2 3  1 2  2  
4 13   2 2 3  3 2  2  
4 13   3 2 3  2 2  2  
4 13   3 2 3  3 2  2  
4 13   3 2 3  2 3  2  
4 13   3 2 3  3 3  2  
4 13   3 2 3  2 1  2  
4 14   1 2 3  2 3  2  
4 14   2 3 2  2 3  2  
4 14   2 2 2  2 3  2  
4 14   2 2 3  2 3  2  
4 14   2 3 3  2 3  2  
4 14   3 2 3  2 3  2  
4 14   3 2 2  2 3  2  
4 14   3 3 3  2 3  2  
4 14   2 1 2  2 3  2  
4 14   3 2 1  2 3  2  
4 14   3 3 2  2 3  2  

4 7   2 2 2  1 2  2  
4 7   2 2 2  1 1  1  
4 7   2 2 1  1 2  2  
4 7   2 2 2  1 3  3  
4 7   2 2 3  1 2  2  
4 7   2 2 3  1 3  3  
4 11   2 3 2  3 1  3  
4 11   2 2 2  1 1  1  
4 11   2 3 2  2 1  2  
4 11   2 2 2  3 1  3  
4 11   2 2 2  2 1  2  
4 11   2 1 2  2 1  2  
4 13   1 2 2  2 2  1  
4 13   2 2 2  3 3  1  
4 13   2 2 2  1 1  1  
4 13   2 2 2  2 2  1  
4 13   3 2 2  2 2  1  
4 13   3 2 2  3 3  1  
4 14   1 2 2  2 2  1  
4 14   2 3 3  2 2  1  
4 14   2 2 2  2 2  1  
4 14   3 2 2  2 2  1  
4 14   3 3 3  2 2  1  
4 14   2 1 1  2 2  1  

4 7   2 2 2  2 2  2  
4 7   2 2 2  2 3  2  
4 7   2 2 3  2 2  2  
4 7   2 2 3  2 3  2  
4 7   2 2 3  2 3  3  
4 7   2 2 1  2 2  2  
4 7   2 2 2  2 2  3  
4 7   2 2 2  2 1  2  
4 7   2 2 2  2 3  3  
4 7   2 2 3  2 2  3  
4 7   2 2 2  2 2  1  
4 11   2 3 2  3 2  3  
4 11   2 3 2  3 2  2  
4 11   2 2 2  3 2  3  
4 11   2 2 2  1 2  2  
4 11   2 2 2  2 2  2  
4 11   2 2 2  3 2  2  
4 11   2 2 2  2 2  3  
4 11   2 3 2  2 2  2  
4 11   2 2 2  2 2  1  
4 11   2 3 2  2 2  3  
4 11   2 1 2  2 2  2  
4 13   1 2 2  2 2  2  
4 13   2 2 2  1 2  2  
4 13   2 2 2  2 2  2  
4 13   2 2 2  2 3  2  
4 13   2 2 2  3 2  2  
4 13   2 2 2  3 3  2  
4 13   2 2 2  2 1  2  
4 13   3 2 2  2 2  2  
4 13   3 2 2  3 3  2  
4 13   3 2 2  2 3  2  
4 13   3 2 2  3 2  2  
4 14   1 2 2  2 2  2  
4 14   2 2 2  2 2  2  
4 14   2 2 3  2 2  2  
4 14   2 3 3  2 2  2  
4 14   2 2 1  2 2  2  
4 14   2 3 2  2 2  2  
4 14   3 2 3  2 2  2  
4 14   3 2 2  2 2  2  
4 14   2 1 2  2 2  2  
4 14   3 3 3  2 2  2  
4 14   3 3 2  2 2  2  

4 7   3 2 2  2 2  3  
4 7   3 2 2  2 2  1  
4 7   3 2 2  2 3  3  
4 7   3 2 3  2 2  3  
4 7   3 2 3  2 2  2  
4 7   3 2 3  2 3  2  
4 7   3 2 2  2 2  2  
4 7   3 2 2  2 3  2  
4 7   3 2 1  2 3  2  
4 7   3 2 3  2 3  3  
4 7   3 2 3  2 1  2  
4 11   3 2 2  2 2  3  
4 11   3 2 2  3 2  3  
4 11   3 2 2  2 2  1  
4 11   3 3 2  3 2  3  
4 11   3 3 2  3 2  2  
4 11   3 2 2  2 2  2  
4 11   3 3 2  2 2  3  
4 11   3 1 2  3 2  2  
4 11   3 3 2  1 2  2  
4 11   3 2 2  3 2  2  
4 11   3 3 2  2 2  2  
4 13   2 3 2  3 2  2  
4 13   2 3 2  3 3  2  
4 13   1 3 2  3 2  2  
4 13   2 3 2  2 3  2  
4 13   2 3 2  2 1  2  
4 13   2 3 2  2 2  2  
4 13   3 3 2  3 2  2  
4 13   3 3 2  1 2  2  
4 13   3 3 2  3 3  2  
4 13   3 3 2  2 3  2  
4 13   3 3 2  2 2  2  
4 14   2 3 2  3 2  2  
4 14   2 3 3  3 2  2  
4 14   1 3 2  3 2  2  
4 14   2 2 2  3 2  2  
4 14   2 2 1  3 2  2  
4 14   2 2 3  3 2  2  
4 14   3 2 3  3 2  2  
4 14   3 3 2  3 2  2  
4 14   3 1 2  3 2  2  
4 14   3 3 3  3 2  2  
4 14   3 2 2  3 2  2  

4 7   3 2 2  3 2  3  
4 7   3 2 3  3 1  3  
4 7   3 2 3  3 2  2  
4 7   3 2 3  3 3  3  
4 7   3 2 2  3 3  3  
4 7   3 2 2  3 3  2  
4 7   3 2 3  3 2  3  
4 7   3 2 1  3 3  2  
4 7   3 2 2  3 2  2  
4 7   3 2 3  3 3  2  
4 7   3 2 2  3 3  1  
4 11   3 2 2  2 3  3  
4 11   3 3 2  3 3  3  
4 11   3 2 2  3 3  3  
4 11   3 2 2  3 3  2  
4 11   3 3 2  3 3  2  
4 11   3 2 2  2 3  2  
4 11   3 3 2  2 3  3  
4 11   3 3 2  1 3  3  
4 11   3 3 2  2 3  2  
4 11   3 2 2  3 3  1  
4 11   3 1 2  3 3  2  
4 13   1 3 2  3 2  3  
4 13   2 3 2  3 3  3  
4 13   2 3 2  3 2  3  
4 13   2 3 2  3 1  3  
4 13   2 3 2  2 3  3  
4 13   2 3 2  2 2  3  
4 13   3 3 2  3 2  3  
4 13   3 3 2  3 3  3  
4 13   3 3 2  2 2  3  
4 13   3 3 2  2 3  3  
4 13   3 3 2  1 3  3  
4 14   2 3 1  3 2  3  
4 14   2 3 3  3 2  3  
4 14   1 3 2  3 2  3  
4 14   2 3 2  3 2  3  
4 14   2 2 3  3 2  3  
4 14   2 2 2  3 2  3  
4 14   3 2 2  3 2  3  
4 14   3 3 2  3 2  3  
4 14   3 1 3  3 2  3  
4 14   3 2 3  3 2  3  
4 14   3 3 3  3 2  3  

4 7   3 3 3  2 2  1  
4 7   3 3 1  2 3  3  
4 7   3 3 3  2 3  3  
4 7   3 3 2  2 2  3  
4 7   3 3 3  2 1  2  
4 7   3 3 3  2 3  2  
4 7   3 3 2  2 3  3  
4 7   3 3 3  2 2  2  
4 7   3 3 3  2 2  3  
4 7   3 3 2  2 3  2  
4 7   3 3 2  2 2  2  
4 11   3 2 3  2 2  3  
4 11   3 3 3  2 2  1  
4 11   3 2 3  2 2  2  
4 11   3 2 3  3 2  2  
4 11   3 1 3  3 2  3  
4 11   3 2 3  3 2  3  
4 11   3 3 3  3 2  2  
4 11   3 3 3  2 2  2  
4 11   3 3 3  2 2  3  
4 11   3 3 3  1 2  2  
4 11   3 3 3  3 2  3  
4 13   1 3 3  3 3  2  
4 13   2 3 3  3 3  2  
4 13   2 3 3  3 2  2  
4 13   2 3 3  2 2  2  
4 13   2 3 3  2 3  2  
4 13   3 3 3  3 2  2  
4 13   3 3 3  2 1  2  
4 13   3 3 3  2 3  2  
4 13   3 3 3  2 2  2  
4 13   3 3 3  3 3  2  
4 13   3 3 3  1 2  2  
4 14   1 3 3  3 3  2  
4 14   2 3 3  3 3  2  
4 14   2 3 2  3 3  2  
4 14   2 2 3  3 3  2  
4 14   2 2 2  3 3  2  
4 14   3 2 2  3 3  2  
4 14   3 3 2  3 3  2  
4 14   3 2 1  3 3  2  
4 14   3 2 3  3 3  2  
4 14   3 3 3  3 3  2  
4 14   3 1 2  3 3  2  

4 7   3 3 2  3 2  3  
4 7   3 3 2  3 3  3  
4 7   3 3 2  3 2  2  
4 7   3 3 3  3 3  3  
4 7   3 3 3  3 2  2  
4 7   3 3 2  3 3  2  
4 7   3 3 1  3 3  3  
4 7   3 3 3  3 3  1  
4 7   3 3 3  3 3  2  
4 7   3 3 3  3 1  3  
4 7   3 3 3  3 2  3  
4 11   3 3 3  1 3  3  
4 11   3 3 3  2 3  3  
4 11   3 2 3  3 3  3  
4 11   3 2 3  2 3  2  
4 11   3 3 3  3 3  3  
4 11   3 3 3  2 3  2  
4 11   3 1 3  3 3  3  
4 11   3 2 3  3 3  2  
4 11   3 3 3  3 3  1  
4 11   3 2 3  2 3  3  
4 11   3 3 3  3 3  2  
4 13   2 3 3  3 2  3  
4 13   2 3 3  3 3  3  
4 13   1 3 3  3 3  3  
4 13   2 3 3  2 2  3  
4 13   2 3 3  2 3  3  
4 13   3 3 3  1 3  3  
4 13   3 3 3  2 3  3  
4 13   3 3 3  3 3  3  
4 13   3 3 3  2 2  3  
4 13   3 3 3  3 1  3  
4 13   3 3 3  3 2  3  
4 14   2 3 2  3 3  3  
4 14   2 3 3  3 3  3  
4 14   1 3 3  3 3  3  
4 14   2 2 2  3 3  3  
4 14   2 2 3  3 3  3  
4 14   3 2 3  3 3  3  
4 14   3 3 2  3 3  3  
4 14   3 2 2  3 3  3  
4 14   3 3 3  3 3  3  
4 14   3 3 1  3 3  3  
4 14   3 1 3  3 3  3  

4 7   3 3 3  1 3  3  
4 7   3 3 1  1 3  3  
4 7   3 3 3  1 1  1  
4 7   3 3 2  1 2  2  
4 7   3 3 2  1 3  3  
4 7   3 3 3  1 2  2  
4 11   3 2 3  3 1  3  
4 11   3 3 3  1 1  1  
4 11   3 3 3  2 1  2  
4 11   3 2 3  2 1  2  
4 11   3 3 3  3 1  3  
4 11   3 1 3  3 1  3  
4 13   1 3 3  3 3  1  
4 13   2 3 3  3 3  1  
4 13   2 3 3  2 2  1  
4 13   3 3 3  2 2  1  
4 13   3 3 3  1 1  1  
4 13   3 3 3  3 3  1  
4 14   1 3 3  3 3  1  
4 14   2 3 3  3 3  1  
4 14   2 2 2  3 3  1  
4 14   3 1 1  3 3  1  
4 14   3 3 3  3 3  1  
4 14   3 2 2  3 3  1  

4 7   3 1 1  3 3  1  
4 7   3 1 3  3 2  3  
4 7   3 1 2  3 2  2  
4 7   3 1 3  3 3  3  
4 7   3 1 2  3 3  2  
4 7   3 1 3  3 1  3  
4 11   3 3 1  1 3  3  
4 11   3 1 1  3 3  1  
4 11   3 3 1  2 3  3  
4 11   3 3 1  3 3  3  
4 11   3 2 1  3 3  2  
4 11   3 2 1  2 3  2  
4 13   2 3 1  3 2  3  
4 13   1 3 1  3 1  3  
4 13   2 3 1  2 2  3  
4 13   3 3 1  1 3  3  
4 13   3 3 1  2 3  3  
4 13   3 3 1  3 3  3  
4 14   1 3 1  3 1  3  
4 14   2 3 2  3 1  3  
4 14   2 2 2  3 1  3  
4 14   3 2 3  3 1  3  
4 14   3 3 3  3 1  3  
4 14   3 1 3  3 1  3  

4 7   2 1 1  2 2  1  
4 7   2 1 2  2 1  2  
4 7   2 1 2  2 2  2  
4 7   2 1 2  2 3  2  
4 7   2 1 3  2 2  3  
4 7   2 1 3  2 3  3  
4 11   2 3 1  3 2  3  
4 11   2 3 1  2 2  3  
4 11   2 2 1  1 2  2  
4 11   2 2 1  2 2  2  
4 11   2 2 1  3 2  2  
4 11   2 1 1  2 2  1  
4 13   1 2 1  2 1  2  
4 13   2 2 1  1 2  2  
4 13   2 2 1  2 2  2  
4 13   2 2 1  3 2  2  
4 13   3 2 1  3 3  2  
4 13   3 2 1  2 3  2  
4 14   1 2 1  2 1  2  
4 14   2 3 2  2 1  2  
4 14   2 2 2  2 1  2  
4 14   2 1 2  2 1  2  
4 14   3 3 3  2 1  2  
4 14   3 2 3  2 1  2  

3 1   1 1  1  
3 1   1 2  2  
3 1   1 3  3  
3 1   2 3  3  
3 1   2 3  2  
3 1   2 2  3  
3 1   2 2  1  
3 1   2 2  2  
3 1   2 1  2  
3 1   3 3  2  
3 1   3 2  2  
3 1   3 1  3  
3 1   3 2  3  
3 1   3 3  1  
3 1   3 3  3  
3 2   1 1  1  
3 2   1 2  2  
3 2   1 3  3  
3 2   2 3  3  
3 2   2 3  2  
3 2   2 2  3  
3 2   2 2  1  
3 2   2 2  2  
3 2   2 1  2  
3 2   3 3  2  
3 2   3 2  2  
3 2   3 1  3  
3 2   3 2  3  
3 2   3 3  1  
3 2   3 3  3  
3 4   1 1  1  
3 4   1 2  2  
3 4   1 3  3  
3 4   2 3  3  
3 4   2 3  2  
3 4   2 2  3  
3 4   2 2  1  
3 4   2 2  2  
3 4   2 1  2  
3 4   3 3  2  
3 4   3 2  2  
3 4   3 1  3  
3 4   3 2  3  
3 4   3 3  1  
3 4   3 3  3  
